./parallel_primes 1 t 1 0.000025 0.000008 0.000008 0.000010 0.000010 0.000009 0.000009 0.000013 0.000012 0.000008
./parallel_primes 1 t 2 0.000068 0.000062 0.000155 0.000065 0.000058 0.000081 0.000131 0.000058 0.000123 0.000413
./parallel_primes 1 t 3 0.000080 0.000092 0.000083 0.000084 0.000083 0.000096 0.000087 0.000092 0.000091 0.000087
./parallel_primes 1 t 4 0.000203 0.000118 0.000103 0.000121 0.000121 0.000114 0.000118 0.000118 0.000104 0.000125
./parallel_primes 1 t 5 0.000223 0.000243 0.000279 0.000255 0.000234 0.000287 0.000518 0.000255 0.000284 0.000229
./parallel_primes 1 t 6 0.000270 0.000311 0.000320 0.000299 0.000307 0.000326 0.000319 0.000300 0.000315 0.000353
./parallel_primes 1 t 7 0.000345 0.000346 0.000333 0.000349 0.000323 0.000356 0.000294 0.000350 0.000354 0.000348
./parallel_primes 1 t 8 0.000401 0.000300 0.000314 0.000368 0.000346 0.000381 0.000384 0.000375 0.000398 0.000375
./parallel_primes 1 t 9 0.000448 0.000444 0.000432 0.000404 0.000481 0.000422 0.000438 0.000424 0.000433 0.000794
./parallel_primes 1 t 10 0.000441 0.000462 0.000472 0.000876 0.000514 0.000486 0.000494 0.000488 0.000403 0.000580
./parallel_primes 10 t 1 0.000009 0.000021 0.000009 0.000009 0.000022 0.000008 0.000009 0.000009 0.000010 0.000012
./parallel_primes 10 t 2 0.000069 0.000064 0.000066 0.000063 0.000067 0.000209 0.000070 0.000138 0.000135 0.000081
./parallel_primes 10 t 3 0.001524 0.000116 0.000095 0.000078 0.000095 0.000088 0.002255 0.000097 0.000095 0.000080
./parallel_primes 10 t 4 0.000123 0.000127 0.000121 0.000114 0.000117 0.000114 0.000123 0.000118 0.000123 0.000117
./parallel_primes 10 t 5 0.000280 0.000248 0.000349 0.000277 0.000352 0.000259 0.000274 0.000283 0.000234 0.000226
./parallel_primes 10 t 6 0.000311 0.000316 0.000322 0.000345 0.000305 0.000273 0.000285 0.000281 0.000277 0.000294
./parallel_primes 10 t 7 0.000327 0.000348 0.000340 0.000347 0.000351 0.000378 0.000348 0.000326 0.000287 0.000319
./parallel_primes 10 t 8 0.000390 0.000352 0.000393 0.000350 0.000409 0.000404 0.000768 0.000743 0.000371 0.000403
./parallel_primes 10 t 9 0.000475 0.000449 0.000419 0.000417 0.000406 0.000439 0.000438 0.000427 0.000418 0.000434
./parallel_primes 10 t 10 0.000478 0.000472 0.000486 0.000493 0.000472 0.000482 0.000453 0.000479 0.000523 0.000489
./parallel_primes 100 t 1 0.000015 0.000011 0.000012 0.000011 0.000012 0.000011 0.000012 0.000011 0.000011 0.000013
./parallel_primes 100 t 2 0.000066 0.000067 0.000068 0.000068 0.000065 0.000075 0.000069 0.000807 0.000061 0.000060
./parallel_primes 100 t 3 0.000086 0.000093 0.000095 0.000091 0.000229 0.000085 0.000085 0.000100 0.000198 0.000206
./parallel_primes 100 t 4 0.000134 0.000106 0.000117 0.000118 0.000118 0.000121 0.006153 0.003979 0.003954 0.002787
./parallel_primes 100 t 5 0.000236 0.000232 0.000287 0.000271 0.000270 0.000271 0.000502 0.000299 0.000342 0.000632
./parallel_primes 100 t 6 0.000415 0.000350 0.000512 0.000613 0.000366 0.000320 0.000301 0.000320 0.000315 0.000299
./parallel_primes 100 t 7 0.000369 0.000373 0.000356 0.000354 0.000358 0.000374 0.000358 0.000369 0.000367 0.000347
./parallel_primes 100 t 8 0.000705 0.000465 0.000480 0.000339 0.000391 0.000381 0.000347 0.000361 0.000394 0.000412
./parallel_primes 100 t 9 0.000465 0.000449 0.000457 0.000434 0.000562 0.000483 0.000537 0.000445 0.000429 0.000449
./parallel_primes 100 t 10 0.000458 0.000478 0.000457 0.000465 0.000493 0.000489 0.000481 0.000467 0.000540 0.000470
./parallel_primes 1000 t 1 0.000035 0.000033 0.000035 0.000088 0.000086 0.000087 0.000035 0.000033 0.000034 0.000035
./parallel_primes 1000 t 2 0.000816 0.000542 0.000076 0.000087 0.000097 0.000094 0.000094 0.000095 0.000089 0.000091
./parallel_primes 1000 t 3 0.000124 0.000112 0.000118 0.000111 0.000116 0.000119 0.000120 0.000262 0.000157 0.000120
./parallel_primes 1000 t 4 0.000154 0.003458 0.000150 0.001980 0.000338 0.000183 0.000327 0.000294 0.000325 0.000159
./parallel_primes 1000 t 5 0.000493 0.000447 0.000375 0.000354 0.000378 0.000267 0.000331 0.000323 0.000311 0.000391
./parallel_primes 1000 t 6 0.000429 0.000445 0.000340 0.000381 0.000369 0.000373 0.000671 0.000672 0.000465 0.000524
./parallel_primes 1000 t 7 0.000451 0.000532 0.000841 0.000522 0.000408 0.000385 0.000413 0.000405 0.000427 0.000423
./parallel_primes 1000 t 8 0.000455 0.000438 0.000432 0.000453 0.000444 0.000468 0.000468 0.000589 0.000588 0.000606
./parallel_primes 1000 t 9 0.000619 0.000472 0.000473 0.000479 0.000440 0.000495 0.000523 0.000547 0.000493 0.000494
./parallel_primes 1000 t 10 0.000510 0.000545 0.000549 0.000540 0.000554 0.000573 0.000604 0.000538 0.000540 0.000517
./parallel_primes 10000 t 1 0.000279 0.000728 0.000231 0.000280 0.000735 0.000276 0.000315 0.000276 0.000280 0.000276
./parallel_primes 10000 t 2 0.000338 0.000953 0.000905 0.000519 0.000339 0.000286 0.000343 0.000346 0.000334 0.000347
./parallel_primes 10000 t 3 0.000367 0.000375 0.000361 0.000364 0.000366 0.000358 0.000366 0.000360 0.000369 0.000371
./parallel_primes 10000 t 4 0.000414 0.000404 0.003906 0.002569 0.000394 0.000395 0.000395 0.000416 0.000395 0.000370
./parallel_primes 10000 t 5 0.000781 0.000787 0.000867 0.000844 0.000834 0.000851 0.000850 0.000863 0.000856 0.000849
./parallel_primes 10000 t 6 0.001792 0.001164 0.000879 0.000862 0.000872 0.000893 0.000904 0.000968 0.000897 0.000872
./parallel_primes 10000 t 7 0.001044 0.001043 0.001062 0.001037 0.001010 0.001024 0.001043 0.001031 0.001064 0.001006
./parallel_primes 10000 t 8 0.001048 0.001004 0.001060 0.001067 0.001070 0.001042 0.001052 0.001069 0.001053 0.001065
./parallel_primes 10000 t 9 0.001169 0.001207 0.001169 0.001195 0.001166 0.001229 0.001187 0.001143 0.001136 0.001231
./parallel_primes 10000 t 10 0.001610 0.001773 0.001211 0.001264 0.001222 0.001498 0.001357 0.001228 0.001215 0.001203
./parallel_primes 100000 t 1 0.003094 0.002905 0.002891 0.002909 0.002450 0.002407 0.006607 0.002906 0.007555 0.005111
./parallel_primes 100000 t 2 0.004593 0.005012 0.004627 0.004934 0.008183 0.004641 0.006478 0.004518 0.004163 0.004666
./parallel_primes 100000 t 3 0.006934 0.006433 0.006423 0.010020 0.009803 0.010271 0.007099 0.006438 0.007079 0.007046
./parallel_primes 100000 t 4 0.007865 0.008116 0.008060 0.008801 0.008617 0.011855 0.007883 0.007607 0.008827 0.008523
./parallel_primes 100000 t 5 0.005958 0.006036 0.006514 0.006690 0.006297 0.006056 0.006461 0.006558 0.006475 0.006647
./parallel_primes 100000 t 6 0.006528 0.006114 0.006502 0.008814 0.007779 0.009911 0.007812 0.007854 0.008003 0.006624
./parallel_primes 100000 t 7 0.007524 0.012398 0.006872 0.006910 0.007375 0.007861 0.007573 0.007919 0.010450 0.009338
./parallel_primes 100000 t 8 0.006826 0.007010 0.011507 0.007416 0.008202 0.009008 0.012316 0.009414 0.007839 0.007017
./parallel_primes 100000 t 9 0.008146 0.007956 0.008341 0.008580 0.008563 0.010079 0.008485 0.008496 0.008521 0.009742
./parallel_primes 100000 t 10 0.008090 0.008450 0.008781 0.008523 0.010674 0.011853 0.013538 0.009353 0.007674 0.008280
./parallel_primes 1000000 t 1 0.027566 0.022663 0.021084 0.021100 0.025086 0.029264 0.023552 0.023668 0.028643 0.027269
./parallel_primes 1000000 t 2 0.032759 0.033798 0.043857 0.043477 0.040763 0.048104 0.057038 0.049133 0.036280 0.043498
./parallel_primes 1000000 t 3 0.048817 0.048489 0.046772 0.045491 0.049477 0.040344 0.055916 0.043670 0.050681 0.044075
./parallel_primes 1000000 t 4 0.058509 0.056599 0.056029 0.064793 0.057741 0.060845 0.054772 0.067141 0.056625 0.060111
./parallel_primes 1000000 t 5 0.066129 0.076507 0.064462 0.069566 0.068082 0.065229 0.071270 0.065172 0.069923 0.062462
./parallel_primes 1000000 t 6 0.064216 0.065146 0.063547 0.068797 0.059118 0.054959 0.066208 0.072388 0.061048 0.057567
./parallel_primes 1000000 t 7 0.076482 0.089019 0.074520 0.083140 0.079590 0.070470 0.085472 0.084694 0.076735 0.081333
./parallel_primes 1000000 t 8 0.072260 0.072396 0.067030 0.074413 0.074725 0.079837 0.074824 0.072910 0.072928 0.079868
./parallel_primes 1000000 t 9 0.077398 0.084671 0.073341 0.079510 0.082125 0.080989 0.080707 0.082696 0.079637 0.062792
./parallel_primes 1000000 t 10 0.075292 0.072256 0.083295 0.080553 0.090423 0.072445 0.079809 0.078801 0.081700 0.086970
./parallel_primes 10000000 t 1 0.319352 0.320457 0.327135 0.324329 0.316982 0.319921 0.324332 0.317558 0.322229 0.315631
./parallel_primes 10000000 t 2 0.386097 0.390196 0.390663 0.380333 0.385483 0.379221 0.386585 0.390638 0.384354 0.383926
./parallel_primes 10000000 t 3 0.648567 0.649399 0.650815 0.639270 0.638634 0.638478 0.640022 0.647375 0.651757 0.647050
./parallel_primes 10000000 t 4 0.660275 0.672165 0.660783 0.661582 0.666775 0.671018 0.671553 0.646997 0.668128 0.665498
./parallel_primes 10000000 t 5 1.558479 1.571536 1.563589 1.575091 1.569124 1.573794 1.554646 1.586672 1.570489 1.578862
./parallel_primes 10000000 t 6 0.892738 0.866147 0.892651 0.892258 0.883552 0.889401 0.883191 0.906314 0.880434 0.863067
./parallel_primes 10000000 t 7 2.034754 1.980813 2.036283 2.036060 2.092122 2.053665 2.050407 1.981921 1.971628 2.052206
./parallel_primes 10000000 t 8 1.554481 1.569921 1.604807 1.516907 1.550085 1.536394 1.568724 1.579008 1.588436 1.517276
./parallel_primes 10000000 t 9 2.005186 2.062288 2.076539 2.051142 1.987932 2.013444 2.026554 2.066186 1.974223 2.001662
./parallel_primes 10000000 t 10 1.780012 1.888598 1.832564 1.898855 1.876703 1.877573 1.875058 1.858223 1.841978 1.855270
